0.1
1179 990 1255 1062 1315 1039 1239 965
1320 1031 1376 1009 1295 944 1239 964
1294 943 1376 1005 1419 982 1351 925
1350 922 1422 971 1462 962 1394 907
1399 904 1473 953 1505 939 1436 887
1443 883 1511 931 1546 911 1496 870
1494 868 1551 911 1585 891 1529 845
1539 843 1587 886 1614 865 1566 832
1575 826 1622 861 1657 843 1613 815

1674 1044 1748 1077 1783 1053 1713 1012
1720 1014 1787 1045 1810 1026 1741 981
1738 976 1814 1021 1838 996 1768 952
1776 950 1840 987 1864 964 1797 924
1800 921 1860 954 1881 926 1815 893